[gd_scene load_steps=9 format=2]

[ext_resource path="res://assets/world/floor.fbx" type="PackedScene" id=1]
[ext_resource path="res://assets/player/Player.tscn" type="PackedScene" id=2]
[ext_resource path="res://assets/world/BLOCK.gd" type="Script" id=3]
[ext_resource path="res://Camera.gd" type="Script" id=4]
[ext_resource path="res://assets/objects/Arrow_Stand.tscn" type="PackedScene" id=5]
[ext_resource path="res://assets/world/BLOCK.tscn" type="PackedScene" id=8]

[sub_resource type="BoxShape" id=3]
extents = Vector3( 11.1659, 1, 13.9883 )

[sub_resource type="Environment" id=2]
background_mode = 1
background_color = Color( 0.364706, 0.588235, 0.615686, 1 )
dof_blur_far_distance = 19.3
glow_enabled = true
glow_intensity = 1.83
glow_strength = 0.96
glow_bloom = 0.19
adjustment_enabled = true
adjustment_contrast = 1.44
adjustment_saturation = 1.17

[node name="Level" type="Spatial"]

[node name="FLOOR" type="StaticBody" parent="."]
transform = Transform( 1, 0, 0, 0, 1, 0, 0, 0, 1, 0, 0.193313, 0 )

[node name="floor" parent="FLOOR" instance=ExtResource( 1 )]
transform = Transform( 1, 0, 0, 0, 1, 0, 0, 0, 1, 0, -0.193313, 0 )

[node name="CollisionShape" type="CollisionShape" parent="FLOOR"]
transform = Transform( 1, 0, 0, 0, 1, 0, 0, 0, 1, 0, -1.05497, 0 )
shape = SubResource( 3 )

[node name="Camera" type="Camera" parent="."]
transform = Transform( -1.62921e-07, -0.766044, 0.642788, 0, 0.642788, 0.766044, -1, 1.24805e-07, -1.04723e-07, 25.0103, 27.8927, 0 )
current = true
fov = 35.3
script = ExtResource( 4 )

[node name="DirectionalLight" type="DirectionalLight" parent="."]
transform = Transform( -0.696276, 0.45057, 0.558736, 0, -0.77843, 0.627732, 0.717774, 0.437075, 0.542002, 0, 0, 0 )
light_color = Color( 0.941176, 0.937255, 0.894118, 1 )
light_energy = 4.68
light_indirect_energy = 4.57
shadow_enabled = true
shadow_color = Color( 0.627451, 0.627451, 0.627451, 1 )
shadow_bias = 0.05
shadow_contact = 0.1
directional_shadow_normal_bias = 0.1

[node name="Player" parent="." instance=ExtResource( 2 )]

[node name="BLOCK" parent="." instance=ExtResource( 8 )]
transform = Transform( 1, 0, 0, 0, 1, 0, 0, 0, 1, 0, 0, 5.30489 )
script = ExtResource( 3 )

[node name="BLOCK2" parent="." instance=ExtResource( 8 )]
transform = Transform( 1, 0, 0, 0, 1, 0, 0, 0, 1, 6.55918, 0, 5.30489 )

[node name="BLOCK3" parent="." instance=ExtResource( 8 )]
transform = Transform( 1, 0, 0, 0, 1, 0, 0, 0, 1, 9.28327, 0.0290594, 5.33659 )

[node name="WorldEnvironment" type="WorldEnvironment" parent="."]
environment = SubResource( 2 )

[node name="Arrow_Stand" parent="." instance=ExtResource( 5 )]
transform = Transform( -0.461671, 0, 0.887051, 0, 1, 0, -0.887051, 0, -0.461671, -2.35653, 2.76035, -2.74814 )

[node name="Arrow_Stand2" parent="." instance=ExtResource( 5 )]
transform = Transform( 1, 0, 0, 0, 1, 0, 0, 0, 1, -0.0973012, 12.1927, -2.73862 )

[node name="Arrow_Stand3" parent="." instance=ExtResource( 5 )]
transform = Transform( 1, 0, 0, 0, 1, 0, 0, 0, 1, -1.79553, 12.2372, -5.63411 )

[node name="Arrow_Stand4" parent="." instance=ExtResource( 5 )]
transform = Transform( 1, 0, 0, 0, 1, 0, 0, 0, 1, 1.59866, 13.6086, 0.691368 )

[node name="Arrow_Stand5" parent="." instance=ExtResource( 5 )]
transform = Transform( 1, 0, 0, 0, 1, 0, 0, 0, 1, -2.65094, 13.0368, 1.17381 )
